x1=0;
x2=30;
x3=15;
y1=0;
y2=45;
y3=22.5;
m=1;

A=[x1^3 x1^2 x1 1; x2^3 x2^2 x2 1; x3^3 x3^2 x3 1; 3*(x3)^2 2*x3 1 0];
b=[y1 y2 y3 m]';


x=A\b